1	0.181	0.173	0.189	339.4	30.6	30.6	0	0
2	0.181	0.181	0.181	339.4	30.6	30.6	0	0
3	0.219	0.219	0.219	292.1	23.6	23.6	0	0
4	0.219	0.215	0.223	292.1	23.6	23.6	0	0
5	0.2219	0.2219	0.2219	317.71	3.03	3.03	0.9	0.9
6	0.2296	0.2296	0.2296	304.67	1.63	1.63	0.9	0.9
7	0.237	0.237	0.237	297.12	3.14	3.14	0.9	0.9
8	0.239	0.239	0.239	261.2	5.7	5.7	0	0
9	0.239	0.227	0.251	261.2	5.7	5.7	0	0
10	0.2499	0.2499	0.2499	286.47	3.11	3.11	0.9	0.9
11	0.2549	0.2549	0.2549	279.66	1.25	1.25	0.9	0.9
12	0.2588	0.2588	0.2588	273.95	1.84	1.84	0.9	0.9
13	0.2608	0.2608	0.2608	273.89	0.74	0.74	0.9	0.9
14	0.261	0.261	0.261	252.4	2	2	0	0
15	0.261	0.252	0.27	252.4	2	2	0	0
16	0.2656	0.2656	0.2656	265.22	2.37	2.37	0.9	0.9
17	0.2681	0.2681	0.2681	264.79	0.72	0.72	0.9	0.9
18	0.2717	0.2717	0.2717	262.94	1.17	1.17	0.9	0.9
19	0.2733	0.2733	0.2733	263.25	1.09	1.09	0.9	0.9
20	0.2735	0.2735	0.2735	261.06	0.7	0.7	0.9	0.9
21	0.2803	0.2803	0.2803	262.17	1.48	1.48	0.9	0.9
22	0.2804	0.2804	0.2804	257.11	0.69	0.69	0.9	0.9
23	0.2811	0.2811	0.2811	260.39	1.55	1.55	0.9	0.9
24	0.287	0.287	0.287	229.3	2	2	0	0
25	0.287	0.28	0.294	229.3	2	2	0	0
26	0.2891	0.2891	0.2891	250.38	0.66	0.66	0.9	0.9
27	0.2891	0.2891	0.2891	251.64	1.18	1.18	0.9	0.9
28	0.2939	0.2939	0.2939	247.94	1.19	1.19	0.9	0.9
29	0.29406	0.21803	0.35525	281	46	46	0	0
30	0.2948	0.2948	0.2948	246.24	1.16	1.16	0.9	0.9
31	0.2973	0.2973	0.2973	245.9	0.65	0.65	0.9	0.9
32	0.3046	0.3046	0.3046	242.78	2.46	2.46	0.9	0.9
33	0.3055	0.3055	0.3055	239.88	1.35	1.35	0.9	0.9
34	0.306	0.306	0.306	238.5	19.1	19.1	0	0
35	0.3068	0.3068	0.3068	241.03	0.64	0.64	0.9	0.9
36	0.3118	0.3118	0.3118	236.03	1.18	1.18	0.9	0.9
37	0.3161	0.3161	0.3161	235.97	0.62	0.62	0.9	0.9
38	0.3187	0.3187	0.3187	234.65	0.51	0.51	0.9	0.9
39	0.3194	0.3194	0.3194	233.65	0.53	0.53	0.9	0.9
40	0.3268	0.3268	0.3268	229.44	1.16	1.16	0.9	0.9
41	0.3277	0.3277	0.3277	229.93	0.61	0.61	0.9	0.9
42	0.3357	0.3357	0.3357	226.9	0.75	0.75	0.9	0.9
43	0.336	0.336	0.336	226.6	9.6	9.6	0	0
44	0.3381	0.3381	0.3381	225.35	0.59	0.59	0.9	0.9
45	0.3456	0.3456	0.3456	222.89	0.94	0.94	0.9	0.9
46	0.3487	0.30845	0.38522	224.5	6.6	6.6	0	0
47	0.3494	0.3494	0.3494	219.98	0.58	0.58	0.9	0.9
48	0.3533	0.3533	0.3533	220.9	3.1	3.1	0	0
49	0.3547	0.3547	0.3547	217.55	0.94	0.94	0.9	0.9
50	0.355	0.355	0.355	208	1	1	1.5	1.5
51	0.36	0.36	0.36	217.4	4.9	4.9	0	0
52	0.3609	0.3609	0.3609	215.02	0.56	0.56	0.9	0.9
53	0.3648	0.3648	0.3648	214.94	0.7	0.7	0.9	0.9
54	0.3718	0.3718	0.3718	210.76	0.55	0.55	0.9	0.9
55	0.3732	0.3513	0.3951	201.5	4	4	0	0
56	0.374	0.374	0.374	203.9	2.6	2.6	1.5	1.5
57	0.3752	0.3752	0.3752	209.83	1.24	1.24	0.9	0.9
58	0.381	0.381	0.381	202.3	3.9	3.9	0	0
59	0.3817	0.3817	0.3817	207.31	0.54	0.54	0.9	0.9
60	0.3851	0.3851	0.3851	206.37	0.76	0.76	0.9	0.9
61	0.388	0.388	0.388	204.75	0.67	0.67	0.7	0.7
62	0.388	0.388	0.388	193.8	1	1	1.5	1.5
63	0.3922	0.3922	0.3922	203.49	0.53	0.53	0.9	0.9
64	0.3942	0.3942	0.3942	204.38	0.87	0.87	0.9	0.9
65	0.3959	0.3959	0.3959	187	7.1	7.1	1	1
66	0.3959	0.39194	0.39986	187	7.1	7.1	1	1
67	0.399	0.399	0.399	192.9	3.3	3.3	0	0
68	0.4021	0.4021	0.4021	198.84	0.52	0.52	0.9	0.9
69	0.4039	0.4039	0.4039	201.38	1.85	1.85	0.9	0.9
70	0.40455	0.37725	0.43038	199.7	5.5	5.5	0	0
71	0.406	0.406	0.406	198.6	3.4	3.4	0	0
72	0.4074	0.3888	0.426	194	3.8	3.8	0	0
73	0.4079	0.40382	0.41198	189.7	2.5	2.5	1	1
74	0.4079	0.4079	0.4079	189.7	2.5	2.5	1	1
75	0.41053	0.38649	0.433	198.4	1.8	1.8	0.3	0.3
76	0.4132	0.4132	0.4132	196.79	0.87	0.87	0.9	0.9
77	0.416	0.416	0.416	193.2	3.2	3.2	0	0
78	0.417	0.417	0.417	186.7	0.9	0.9	1.5	1.5
79	0.4189	0.4189	0.4189	188.5	1.8	1.8	1.1	1.1
80	0.4189	0.41471	0.42309	188.5	1.8	1.8	1.1	1.1
81	0.4207	0.36913	0.46746	185	13	13	0	0
82	0.4224	0.4224	0.4224	194.14	0.83	0.83	0.7	0.7
83	0.4301	0.4301	0.4301	185.3	1.7	1.7	1.1	1.1
84	0.4301	0.4258	0.4344	185.3	1.7	1.7	1.1	1.1
85	0.431	0.431	0.431	188.9	2.9	2.9	0	0
86	0.4357	0.421	0.4504	181	3.6	3.6	0	0
87	0.4375	0.4375	0.4375	187.91	0.76	0.76	0.7	0.7
88	0.4404	0.4246	0.4562	183.7	5	5	0	0
89	0.4415	0.4415	0.4415	176.2	1.6	1.6	1.1	1.1
90	0.4415	0.43709	0.44592	176.2	1.6	1.6	1.1	1.1
91	0.442	0.442	0.442	178.5	0.6	0.6	1.5	1.5
92	0.44412	0.42241	0.46499	188	4.9	4.9	0	0
93	0.445	0.445	0.445	184.6	0.29	0.29	0	0
94	0.446	0.446	0.446	188.4	3.3	3.3	0	0
95	0.44797	0.42858	0.46674	187	1.4	1.4	0.3	0.3
96	0.451	0.451	0.451	184.89	0.51	0.51	0.7	0.7
97	0.4529	0.44837	0.45743	177.1	1.5	1.5	1.1	1.1
98	0.4529	0.4529	0.4529	177.1	1.5	1.5	1.1	1.1
99	0.4539	0.4395	0.4683	179.5	4.8	4.8	0	0
100	0.455	0.455	0.455	178.6	0.8	0.8	1.5	1.5
101	0.458	0.458	0.458	183.4	0.27	0.27	0	0
102	0.462	0.462	0.462	182.67	0.43	0.43	0.7	0.7
103	0.4632	0.45857	0.46783	174.4	1.6	1.6	1.1	1.1
104	0.4632	0.4632	0.4632	174.4	1.6	1.6	1.1	1.1
105	0.4662	0.4523	0.4801	169.2	4.7	4.7	0	0
106	0.46746	0.44831	0.48601	179.5	4.5	4.5	0	0
107	0.468	0.468	0.468	173.4	0.6	0.6	1.5	1.5
108	0.471	0.471	0.471	177.9	0.26	0.26	0	0
109	0.4722	0.4722	0.4722	179.42	0.54	0.54	0.7	0.7
110	0.47363	0.45649	0.49032	177.9	1.1	1.1	0.3	0.3
111	0.4754	0.47065	0.48015	169.4	1.6	1.6	1.2	1.2
112	0.4754	0.4754	0.4754	169.4	1.6	1.6	1.2	1.2
113	0.4782	0.4657	0.4907	175.1	4.6	4.6	0	0
114	0.4791	0.4791	0.4791	176.8	0.53	0.53	0.7	0.7
115	0.4793	0.4793	0.4793	176.3	3.2	3.2	0	0
116	0.48	0.48	0.48	172.2	0.6	0.6	1.5	1.5
117	0.482	0.482	0.482	183.7	2.6	2.6	0	0
118	0.4846	0.4846	0.4846	176.39	0.85	0.85	0.7	0.7
119	0.4866	0.4866	0.4866	177.2	3.1	3.1	0.7	0.7
120	0.4871	0.48223	0.49197	169.4	1.4	1.4	1.2	1.2
121	0.4871	0.4871	0.4871	169.4	1.4	1.4	1.2	1.2
122	0.4879	0.4754	0.5004	180.9	4.7	4.7	0	0
123	0.4903	0.4903	0.4903	176.08	0.79	0.79	0.7	0.7
124	0.49077	0.475	0.50617	175.7	1	1	0.3	0.3
125	0.492	0.492	0.492	169.1	0.6	0.6	1.5	1.5
126	0.493	0.493	0.493	178.3	2.5	2.5	0	0
127	0.4956	0.4956	0.4956	174.35	0.49	0.49	0.7	0.7
128	0.4974	0.4862	0.5086	172.4	4.4	4.4	0	0
129	0.4977	0.4977	0.4977	166	1.3	1.3	1.2	1.2
130	0.4977	0.49272	0.50268	166	1.3	1.3	1.2	1.2
131	0.4987	0.48361	0.51345	171.1	4.5	4.5	0	0
132	0.4989	0.4989	0.4989	170.6	3	3	0.7	0.7
133	0.4992	0.4992	0.4992	173.53	0.53	0.53	0.7	0.7
134	0.5026	0.5026	0.5026	175.3	2.1	2.1	0.7	0.7
135	0.5029	0.5029	0.5029	174.7	1.4	1.4	0.7	0.7
136	0.504	0.504	0.504	167.4	0.6	0.6	1.5	1.5
137	0.504	0.504	0.504	174.5	2.2	2.2	0	0
138	0.5048	0.5048	0.5048	171.18	0.35	0.35	0.7	0.7
139	0.505	0.505	0.505	162.7	2.6	2.6	0	0
140	0.505	0.5	0.51	162.7	2.6	2.6	0	0
141	0.5053	0.4927	0.5179	164.5	4.3	4.3	0	0
142	0.5059	0.4953	0.5165	159.2	4.3	4.3	0	0
143	0.508	0.508	0.508	173.3	3.6	3.6	0	0
144	0.5099	0.5099	0.5099	164.9	1.3	1.3	1.2	1.2
145	0.5099	0.5048	0.515	164.9	1.3	1.3	1.2	1.2
146	0.5102	0.5102	0.5102	172.01	0.36	0.36	0.7	0.7
147	0.5131	0.5131	0.5131	171.1	2	2	0.7	0.7
148	0.5139	0.5139	0.5139	168.89	0.66	0.66	0.7	0.7
149	0.514	0.514	0.514	171.2	2.1	2.1	0	0
150	0.51483	0.50049	0.52846	172.2	1	1	0.3	0.3
151	0.516	0.516	0.516	165.2	0.6	0.6	1.5	1.5
152	0.51698	0.48947	0.54341	166	8	8	0	0
153	0.52	0.52	0.52	169.34	0.62	0.62	0.7	0.7
154	0.522	0.522	0.522	161.9	1.3	1.3	1.2	1.2
155	0.522	0.51678	0.52722	161.9	1.3	1.3	1.2	1.2
156	0.524	0.524	0.524	167.6	2	2	0	0
157	0.52481	0.51136	0.538	169.2	4.1	4.1	0	0
158	0.5251	0.5251	0.5251	167.89	0.45	0.45	0.7	0.7
159	0.5251	0.5128	0.5374	155	4	4	0	0
160	0.528	0.528	0.528	163.1	0.6	0.6	1.5	1.5
161	0.53	0.53	0.53	167.94	0.32	0.32	0.7	0.7
162	0.533	0.533	0.533	160.9	2	2	0	0
163	0.5336	0.5336	0.5336	162.1	5	5	0	0
164	0.5342	0.52886	0.53954	158.9	1.4	1.4	1.3	1.3
165	0.5342	0.5342	0.5342	158.9	1.4	1.4	1.3	1.3
166	0.53812	0.52508	0.55053	168.4	0.8	0.8	0.3	0.3
167	0.54	0.54	0.54	159.9	0.5	0.5	1.5	1.5
168	0.5402	0.5402	0.5402	164.82	0.46	0.46	0.7	0.7
169	0.54141	0.50654	0.57467	163	12	12	0	0
170	0.542	0.542	0.542	161.4	1.9	1.9	0	0
171	0.5421	0.5315	0.5527	151.5	3.8	3.8	0	0
172	0.5474	0.54193	0.55287	157.8	1.5	1.5	1.3	1.3
173	0.5474	0.5474	0.5474	157.8	1.5	1.5	1.3	1.3
174	0.55	0.55	0.55	163.84	0.4	0.4	0.7	0.7
175	0.551	0.551	0.551	158.2	0.5	0.5	1.5	1.5
176	0.551	0.551	0.551	156.5	2.4	2.4	0	0
177	0.55312	0.53981	0.5662	167.6	3.5	3.5	0	0
178	0.5564	0.5466	0.5662	150.3	3.7	3.7	0	0
179	0.5569	0.5569	0.5569	156.6	4	4	0	0
180	0.5592	0.55361	0.56479	153.5	1.4	1.4	1.3	1.3
181	0.5592	0.5592	0.5592	153.5	1.4	1.4	1.3	1.3
182	0.5595	0.5595	0.5595	162.37	0.45	0.45	0.7	0.7
183	0.56114	0.5493	0.57282	164.6	0.8	0.8	0.3	0.3
184	0.563	0.563	0.563	156.1	0.5	0.5	1.5	1.5
185	0.5682	0.5537	0.5827	151.2	4.4	4.4	0	0
186	0.569	0.569	0.569	160.19	0.46	0.46	0.7	0.7
187	0.5716	0.5716	0.5716	153.5	1.4	1.4	1.3	1.3
188	0.5716	0.56588	0.57732	153.5	1.4	1.4	1.3	1.3
189	0.575	0.575	0.575	167.4	7.8	7.8	0	0
190	0.57715	0.56504	0.58909	161.1	3.2	3.2	0	0
191	0.5783	0.5783	0.5783	157.2	3.3	3.3	0	0
192	0.5788	0.5788	0.5788	158.65	0.48	0.48	0.7	0.7
193	0.58395	0.57282	0.59455	160.9	0.8	0.8	0.3	0.3
194	0.5848	0.57895	0.59065	150.4	1.4	1.4	1.3	1.3
195	0.5848	0.5848	0.5848	150.4	1.4	1.4	1.3	1.3
196	0.585	0.585	0.585	151.8	0.4	0.4	1.5	1.5
197	0.5886	0.5886	0.5886	156.53	0.64	0.64	0.7	0.7
198	0.59	0.59	0.59	140	2.6	2.6	0	0
199	0.59	0.585	0.595	140	2.6	2.6	0	0
200	0.5966	0.5857	0.6075	149.6	4.2	4.2	0	0
201	0.5975	0.59153	0.60347	148.7	1.4	1.4	1.3	1.3
202	0.5975	0.5975	0.5975	148.7	1.4	1.4	1.3	1.3
203	0.5986	0.5986	0.5986	155.74	0.57	0.57	0.7	0.7
204	0.59918	0.58796	0.61026	154.3	3	3	0	0
205	0.608	0.608	0.608	147.6	0.5	0.5	1.5	1.5
206	0.6101	0.604	0.6162	145.1	1.4	1.4	1.3	1.3
207	0.6101	0.6101	0.6101	145.1	1.4	1.4	1.3	1.3
208	0.6123	0.5944	0.6302	143	4.2	4.2	0	0
209	0.624	0.61776	0.63024	145	1.6	1.6	1.3	1.3
210	0.624	0.624	0.624	145	1.6	1.6	1.3	1.3
211	0.62661	0.62661	0.62661	135	16	16	0	0
212	0.629	0.629	0.629	156.3	7.3	7.3	0	0
213	0.63	0.63	0.63	145.1	0.5	0.5	1.5	1.5
214	0.63433	0.62491	0.6433	153.3	0.8	0.8	0.3	0.3
215	0.6362	0.6208	0.6516	138.1	4	4	0	0
216	0.6377	0.63132	0.64408	143.4	2	2	1.3	1.3
217	0.6377	0.6377	0.6377	143.4	2	2	1.3	1.3
218	0.63913	0.61026	0.66714	152	7	7	0	0
219	0.651	0.651	0.651	143.3	0.4	0.4	1.5	1.5
220	0.6521	0.6521	0.6521	142.8	2.2	2.2	1.3	1.3
221	0.6521	0.64558	0.65862	142.8	2.2	2.2	1.3	1.3
222	0.6578	0.6483	0.6673	141.1	5	5	0	0
223	0.66174	0.65293	0.67013	149.6	0.9	0.9	0.3	0.3
224	0.6642	0.65756	0.67084	138.9	2.1	2.1	1.4	1.4
225	0.6642	0.6642	0.6642	138.9	2.1	2.1	1.4	1.4
226	0.673	0.673	0.673	139.4	0.5	0.5	1.5	1.5
227	0.6786	0.6786	0.6786	139.4	2	2	1.4	1.4
228	0.6786	0.67181	0.68539	139.4	2	2	1.4	1.4
229	0.68	0.6724	0.6876	137	4	4	0	0
230	0.681	0.681	0.681	144.3	3.7	3.7	0	0
231	0.6824	0.6628	0.702	136.3	2.9	2.9	0	0
232	0.68923	0.68134	0.69671	145.5	1.1	1.1	0.3	0.3
233	0.694	0.694	0.694	138.1	0.5	0.5	1.5	1.5
234	0.694	0.68706	0.70094	137.4	2	2	1.5	1.5
235	0.694	0.694	0.694	137.4	2	2	1.5	1.5
236	0.69606	0.67744	0.71437	131.4	5.9	5.9	0	0
237	0.7	0.7	0.7	127.4	2.7	2.7	0	0
238	0.7003	0.6825	0.7181	129.4	2.8	2.8	0	0
239	0.702	0.702	0.702	140	3	3	1.4	1.4
240	0.7079	0.70082	0.71498	135.6	2	2	1.5	1.5
241	0.7079	0.7079	0.7079	135.6	2	2	1.5	1.5
242	0.715	0.715	0.715	136.5	0.5	0.5	1.5	1.5
243	0.7169	0.7084	0.7254	129.5	3	3	0	0
244	0.72096	0.68764	0.75333	118	9	9	0	0
245	0.7226	0.71537	0.72983	134.2	1.5	1.5	1.5	1.5
246	0.7226	0.7226	0.7226	134.2	1.5	1.5	1.5	1.5
247	0.733	0.733	0.733	142.1	3.3	3.3	0	0
248	0.7341	0.7266	0.7416	128.9	2.8	2.8	0	0
249	0.737	0.737	0.737	134.3	0.5	0.5	1.5	1.5
250	0.7374	0.73003	0.74477	137	1.8	1.8	1.5	1.5
251	0.7374	0.7374	0.7374	137	1.8	1.8	1.5	1.5
252	0.75333	0.72587	0.7802	124	7	7	0	0
253	0.757	0.757	0.757	135	2	2	1.5	1.5
254	0.758	0.758	0.758	130.6	0.4	0.4	1.5	1.5
255	0.76	0.76	0.76	134	1.4	1.4	0	0
256	0.768	0.768	0.768	130.4	0.3	0.3	1.5	1.5
257	0.779	0.779	0.779	130.7	0.4	0.4	1.5	1.5
258	0.785	0.785	0.785	132.7	3	3	0	0
259	0.789	0.789	0.789	129.4	0.3	0.3	1.5	1.5
260	0.799	0.799	0.799	128.4	0.4	0.4	1.5	1.5
261	0.80806	0.80806	0.80806	104	14	14	0	0
262	0.81	0.81	0.81	126.3	0.2	0.2	1.5	1.5
263	0.82	0.82	0.82	127.1	0.2	0.2	1.5	1.5
264	0.831	0.831	0.831	125.6	0.2	0.2	1.5	1.5
265	0.837	0.837	0.837	128	2.9	2.9	0	0
266	0.841	0.841	0.841	124.6	0.3	0.3	1.5	1.5
267	0.85777	0.83237	0.88277	114	4	4	0	0
268	0.862	0.862	0.862	124	0.3	0.3	1.5	1.5
269	0.867	0.867	0.867	120.7	1.3	1.3	0	0
270	0.882	0.882	0.882	122.5	0.3	0.3	1.5	1.5
271	0.888	0.888	0.888	116.8	3.3	3.3	0	0
272	0.903	0.903	0.903	122.2	0.3	0.3	1.5	1.5
273	0.923	0.923	0.923	119.8	0.4	0.4	1.5	1.5
274	0.944	0.944	0.944	118	0.3	0.3	1.5	1.5
275	0.964	0.964	0.964	117.3	0.2	0.2	1.5	1.5
276	0.972	0.972	0.972	120.5	0.9	0.9	0	0
277	0.985	0.985	0.985	116.3	0.3	0.3	1.5	1.5
278	1	0.995	1.005	117.42	0.21	0.21	1	1
279	1.005	1.005	1.005	114.9	0.4	0.4	1.5	1.5
280	1.025	1.025	1.025	115.2	0.3	0.3	1.5	1.5
281	1.046	1.046	1.046	114.5	0.3	0.3	1.5	1.5
282	1.05	1.04475	1.05525	114.59	0.17	0.17	1	1
283	1.066	1.066	1.066	114.6	0.3	0.3	1.5	1.5
284	1.074	1.074	1.074	113.3	0.9	0.9	0	0
285	1.09008	1.09008	1.09008	97	4	4	0	0
286	1.1	1.0945	1.1055	111.64	0.16	0.16	1	1
287	1.11	1.11	1.11	112.6	2	2	0	0
288	1.13456	1.10193	1.16682	118	6	6	0	0
289	1.15	1.14425	1.15575	110.11	0.12	0.12	1	1
290	1.178	1.178	1.178	111.6	0.6	0.6	0	0
291	1.2	1.194	1.206	108.96	0.11	0.11	1	1
292	1.25	1.24375	1.25625	107.75	0.1	0.1	1	1
293	1.3	1.2935	1.3065	106.47	0.1	0.1	1	1
294	1.31	1.31	1.31	109.6	2	2	0	0
295	1.33	1.33	1.33	108.4	3	3	0	0
296	1.34297	1.34297	1.34297	94	4	4	0	0
297	1.34297	1.30251	1.38304	116	5	5	0	0
298	1.345	1.33827	1.35172	105.5	0.1	0.1	1	1
299	1.35	1.35	1.35	106.7	2	2	0	0
300	1.38	1.38	1.38	103.3	0.4	0.4	0	0
301	1.4	1.393	1.407	102.78	9.00E-02	9.00E-02	1	1
302	1.45	1.44275	1.45725	101.12	8.00E-02	8.00E-02	1	1
303	1.48227	1.43829	1.52588	108	5	5	0	0
304	1.49	1.48255	1.49745	100.26	6.00E-02	6.00E-02	1	1
305	1.52	1.52	1.52	99.7	1.5	1.5	0	0
306	1.55	1.54225	1.55775	98.82	6.00E-02	6.00E-02	1	1
307	1.6	1.592	1.608	97.81	6.00E-02	6.00E-02	1	1
308	1.63	1.63	1.63	97.57	7.00E-02	7.00E-02	0	0
309	1.63636	1.58776	1.6846	96	3	3	0	0
310	1.65	1.64175	1.65825	97.05	6.00E-02	6.00E-02	1	1
311	1.683	1.683	1.683	96.17	0.39	0.39	0	0
312	1.69604	1.63866	1.75296	100	3	3	0	0
313	1.7	1.6915	1.7085	96.46	6.00E-02	6.00E-02	1	1
314	1.75	1.74125	1.75875	95.61	6.00E-02	6.00E-02	1	1
315	1.77	1.77	1.77	95.32	7.00E-02	7.00E-02	0	0
316	1.77335	1.72114	1.82523	96	3	3	0	0
317	1.806	1.79697	1.81503	94.48	6.00E-02	6.00E-02	1	1
318	1.83	1.83	1.83	94.14	7.00E-02	7.00E-02	0	0
319	1.85	1.84075	1.85925	93.71	6.00E-02	6.00E-02	1	1
320	1.875	1.86563	1.88437	93.05	6.00E-02	6.00E-02	1	1
321	1.88	1.88	1.88	92.75	7.00E-02	7.00E-02	0	0
322	1.884	1.884	1.884	87.83	0.24	0.24	0	0
323	1.9	1.8905	1.9095	92.52	6.00E-02	6.00E-02	1	1
324	1.925	1.91537	1.93463	92.07	6.00E-02	6.00E-02	1	1
325	1.95	1.94025	1.95975	91.38	6.00E-02	6.00E-02	1	1
326	1.95	1.95	1.95	91.36	7.00E-02	7.00E-02	0	0
327	1.97691	1.89914	2.05413	89	4	4	0	0
328	2	1.99	2.01	90.23	4.00E-02	4.00E-02	1	1
329	2.05	2.03975	2.06025	88.84	5.00E-02	5.00E-02	1	1
330	2.082	2.082	2.082	88.48	0.2	0.2	0	0
331	2.095	2.08453	2.10547	88.46	6.00E-02	6.00E-02	1	1
332	2.15	2.13925	2.16075	87.39	6.00E-02	6.00E-02	1	1
333	2.2	2.189	2.211	86.81	6.00E-02	6.00E-02	1	1
334	2.2	2.2	2.2	86.31	7.00E-02	7.00E-02	0	0
335	2.25	2.23875	2.26125	85.62	6.00E-02	6.00E-02	1	1
336	2.285	2.285	2.285	83.76	0.43	0.43	0	0
337	2.3	2.2885	2.3115	85	5.00E-02	5.00E-02	1	1
338	2.32	2.32	2.32	84.8	4	4	4	4
339	2.35	2.33825	2.36175	84.45	5.00E-02	5.00E-02	1	1
340	2.4	2.388	2.412	83.66	6.00E-02	6.00E-02	1	1
341	2.45	2.43775	2.46225	83.16	6.00E-02	6.00E-02	1	1
342	2.485	2.485	2.485	78.04	0.52	0.52	0	0
343	2.5	2.4875	2.5125	82.32	4.00E-02	4.00E-02	1	1
344	2.5	2.5	2.5	79.4	1	1	0	0
345	2.55	2.53725	2.56275	81.64	5.00E-02	5.00E-02	1	1
346	2.6	2.587	2.613	81.12	5.00E-02	5.00E-02	1	1
347	2.65	2.63675	2.66325	80.61	5.00E-02	5.00E-02	1	1
348	2.686	2.686	2.686	79.33	0.25	0.25	0	0
349	2.7	2.6865	2.7135	79.9	5.00E-02	5.00E-02	1	1
350	2.75	2.73625	2.76375	79.47	5.00E-02	5.00E-02	1	1
351	2.78444	2.68929	2.87925	80	6	6	0	0
352	2.8	2.786	2.814	78.91	5.00E-02	5.00E-02	1	1
353	2.85	2.83575	2.86425	78.21	5.00E-02	5.00E-02	1	1
354	2.886	2.886	2.886	77.82	0.28	0.28	0	0
355	2.9	2.8855	2.9145	77.79	5.00E-02	5.00E-02	1	1
356	2.94	2.94	2.94	74.3	6.1	6.1	0	0
357	2.95	2.93525	2.96475	77.23	5.00E-02	5.00E-02	1	1
358	3	2.985	3.015	76.68	5.00E-02	5.00E-02	1	1
359	3	3	3	79.9	1.7	1.7	0	0
360	3.05	3.03475	3.06525	76.29	5.00E-02	5.00E-02	1	1
361	3.068	3.068	3.068	75.24	0.7	0.7	0	0
362	3.1	3.0845	3.1155	75.66	5.00E-02	5.00E-02	1	1
363	3.15	3.13425	3.16575	75.16	5.00E-02	5.00E-02	1	1
364	3.2	3.184	3.216	74.66	5.00E-02	5.00E-02	1	1
365	3.24	3.24	3.24	72.9	1	1	0	0
366	3.25	3.23375	3.26625	74.2	5.00E-02	5.00E-02	1	1
367	3.28	3.2144	3.3456	71.7	2	2	0	0
368	3.3	3.2835	3.3165	73.67	5.00E-02	5.00E-02	1	1
369	3.54	3.54	3.54	69.7	0.5	0.5	0	0
370	3.6	3.6	3.6	76.2	1.8	1.8	0	0
371	3.66	3.5868	3.7332	71.7	2.3	2.3	0	0
372	3.86	3.86	3.86	67.7	0.9	0.9	0	0
373	4	4	4	71	1	1	0	0
374	4.015	4.015	4.015	66.84	0.32	0.32	0	0
375	4.3	4.3	4.3	60.6	0.8	0.8	0	0
376	4.7	4.7	4.7	65.8	0.9	0.9	0	0
377	5.35	5.35	5.35	57.9	2.6	2.6	0	0
378	6	5.898	6.102	59.3	1.1	1.1	1	1
379	6.65	6.65	6.65	59.5	0.5	0.5	0.6	0.6
380	6.94	6.8359	7.0441	58.7	2.8	2.8	0	0
381	7.3	7.3	7.3	58.3	1.3	1.3	0	0
382	8	7.864	8.136	56.4	0.8	0.8	1	1
383	9.14	9.1	9.18	57.51	0.73	0.73	0	0
384	10	10	10	54.7	0.6	0.6	0.6	0.6
385	12	11.796	12.204	51.7	0.8	0.8	1	1
386	13.2	13.2	13.2	51.4	0.5	0.5	0.6	0.6
387	14	13.762	14.238	50.7	0.9	0.9	1	1
388	15	15	15	51	0.7	0.7	0.5	0.5
389	16	15.728	16.272	49.2	0.8	0.8	1	1
390	18	17.694	18.306	50.3	3.6	3.6	1	1
391	20	20	20	49	1.1	1.1	1	1
392	20	20	20	48.2	0.4	0.4	0.5	0.5
393	23	23	23	47.4	0.3	0.3	0.6	0.6
394	25	25	25	46.1	0.6	0.6	1	1
395	25	25	25	47	0.3	0.3	0.5	0.5
396	27.5	27.5	27.5	46.3	0.3	0.3	0.6	0.6
397	30	30	30	47.1	0.6	0.6	1	1
398	30	30	30	45.6	0.3	0.3	0.5	0.5
399	30	30	30	45.4	0.4	0.4	0.5	0.5
400	31	31	31	46.1	0.3	0.3	0.6	0.6
401	32.1	31.9	32.3	45.63	0.2	0.2	0	0
402	33.5	33.5	33.5	45.6	0.3	0.3	0.6	0.6
403	35	35	35	45.5	0.7	0.7	1	1
404	35	35	35	45.3	0.4	0.4	0.5	0.5
405	35	35	35	45.46	0.1	0.1	0.4	0.4
406	37.5	37.5	37.5	44.7	0.3	0.3	0.6	0.6
407	40	40	40	45	0.7	0.7	1	1
408	40	40	40	45	0.4	0.4	0.5	0.5
409	40	40	40	44	0.3	0.3	0.6	0.6
410	42.5	42.5	42.5	44.5	0.3	0.3	0.6	0.6
411	45	45	45	44.4	0.7	0.7	0.5	0.5
412	47.5	47.5	47.5	44.1	0.3	0.3	0.6	0.6
413	50	50	50	43.1	0.8	0.8	0.5	0.5
414	50	50	50	43.93	0.1	0.1	0.4	0.4
415	50	50	50	43.86	0.11	0.11	0.5	0.5
416	70	70	70	43.05	6.00E-02	6.00E-02	0.4	0.4
417	100	99	101	40.4	1.2	1.2	3	3
418	100	100	100	42.12	8.00E-02	8.00E-02	0.4	0.4
419	100	100	100	42.04	9.00E-02	9.00E-02	0.5	0.5
420	101.5	101.5	101.5	42.33	0.14	0.14	0	0
421	120	120	120	41.7	0.15	0.15	0.4	0.4
422	150	150	150	41.79	0.17	0.17	0.4	0.4
423	150	150	150	41.72	0.18	0.18	0.5	0.5
424	170	170	170	41.69	0.15	0.15	0.4	0.4
425	175	173.25	176.75	41.2	1.7	1.7	3	3
426	200	200	200	41.51	0.15	0.15	0.4	0.4
427	200	200	200	41.54	0.29	0.29	0.5	0.5
428	240	240	240	41.9	0.2	0.2	0.4	0.4
429	280	280	280	41.91	0.21	0.21	0.4	0.4
430	491.54168	491.54168	491.54168	42.13	0.57	0.57	0.2	0.2
431	498.04302	498.04302	498.04302	42.8	0.31	0.31	0.4	0.4
432	1473.45581	1473.45581	1473.45581	43.32	0.34	0.34	0.1	0.1
433	1484.6892	1484.6892	1484.6892	44.71	0.42	0.42	0.4	0.4
434	2067.38403	2067.38403	2067.38403	44.12	0.39	0.39	0.2	0.2
435	2094.02905	2094.02905	2094.02905	45.14	0.32	0.32	0.4	0.4
436	1.55E+05	1.55E+05	1.55E+05	66.8	5.9	5.9	4	4
437	1.55E+05	1.55E+05	1.55E+05	66	7	7	5	5
438	1.56E+05	1.56E+05	1.56E+05	63	2.1	2.1	0	0
439	1.59E+05	1.59E+05	1.59E+05	61.26	0.93	0.93	0	0
440	1.59E+05	1.59E+05	1.59E+05	61.9	1.5	1.5	1	1
441	4.32E+05	4.32E+05	4.32E+05	65.3	0.7	0.7	2.3	2.3
442	1.73E+06	1.73E+06	1.73E+06	71.42	1.55	1.55	2.6	2.6
443	1.73E+06	1.73E+06	1.73E+06	80.03	2.24	2.24	0	0
444	1.73E+06	1.73E+06	1.73E+06	72.8	3.1	3.1	0	0
